> Poligono do Brasil com resolucao de 1 grau - Gosling 2025
> Sentido anti-horario
-60 6
-61 6
-61 5
-62 5
-63 5
-64 5
-65 5
-65 4
-65 3
-66 3
-67 3
-68 3
-69 3
-70 3
-71 3
-71 2
-71 1
-71 0
-71 -1
-71 -2
-71 -3
-72 -3
-72 -4
-73 -4
-74 -4
-74 -5
-74 -6
-74 -7
-74 -8
-74 -9
-74 -10
-74 -11
-73 -11
-72 -11
-72 -12
-71 -12
-70 -12
-69 -12
-68 -12
-67 -12
-66 -12
-66 -13
-65 -13
-64 -13
-64 -14
-63 -14
-62 -14
-61 -14
-61 -15
-61 -16
-61 -17
-60 -17
-59 -17
-59 -18
-59 -19
-59 -20
-59 -21
-59 -22
-59 -23
-58 -23
-57 -23
-56 -23
-56 -24
-56 -25
-55 -25
-55 -26
-55 -27
-56 -27
-56 -28
-57 -28
-57 -29
-58 -29
-58 -30
-58 -31
-57 -31
-57 -32
-56 -32
-55 -32
-55 -33
-54 -33
-54 -34
-53 -34
-52 -34
-52 -33
-51 -33
-51 -32
-50 -32
-50 -31
-49 -31
-49 -30
-48 -30
-48 -29
-48 -28
-48 -27
-48 -26
-47 -26
-47 -25
-46 -25
-45 -25
-45 -24
-44 -24
-43 -24
-42 -24
-41 -24
-41 -23
-40 -23
-40 -22
-40 -21
-39 -21
-39 -20
-39 -19
-39 -18
-38 -18
-38 -17
-38 -16
-38 -15
-38 -14
-38 -13
-37 -13
-37 -12
-36 -12
-36 -11
-35 -11
-35 -10
-34 -10
-34 -9
-34 -8
-34 -7
-34 -6
-34 -5
-35 -5
-35 -4
-36 -4
-37 -4
-37 -3
-38 -3
-39 -3
-39 -2
-40 -2
-41 -2
-42 -2
-43 -2
-44 -2
-44 -1
-45 -1
-45 0
-46 0
-47 0
-48 0
-48 1
-49 1
-49 2
-49 3
-50 3
-50 4
-50 5
-51 5
-52 5
-53 5
-54 5
-55 5
-56 5
-57 5
-58 5
-59 5
-59 6
-60 6
