> Poligono do Brasil com resolucao de 1 grau - Gosling 2025
> Sentido anti-horario
-60.0 6.0
-60.5 6.0
-61.0 6.0
-61.0 5.5
-61.0 5.0
-61.5 5.0
-62.0 5.0
-62.5 5.0
-63.0 5.0
-63.5 5.0
-64.0 5.0
-64.5 5.0
-65.0 5.0
-65.0 4.5
-65.0 4.0
-65.0 3.5
-65.0 3.0
-65.0 2.5
-65.5 2.5
-66.0 2.5
-66.5 2.5
-67.0 2.5
-67.5 2.5
-68.0 2.5
-68.5 2.5
-69.0 2.5
-69.5 2.5
-70.0 2.5
-70.0 2.0
-70.5 2.0
-70.5 1.5
-70.5 1.0
-70.5 0.5
-70.5 0.0
-70.5 -0.5
-70.5 -1.0
-70.5 -1.5
-70.5 -2.0
-70.5 -2.5
-70.5 -3.0
-70.5 -3.5
-71.0 -3.5
-71.5 -3.5
-72.0 -3.5
-72.0 -4.0
-72.5 -4.0
-73.0 -4.0
-73.0 -4.5
-73.5 -4.5
-73.5 -5.0
-74.0 -5.0
-74.0 -5.5
-74.0 -6.0
-74.0 -6.5
-74.0 -7.0
-74.0 -7.5
-74.0 -8.0
-74.0 -8.5
-74.0 -9.0
-74.0 -9.5
-74.0 -10.0
-73.5 -10.0
-73.0 -10.0
-72.5 -10.0
-72.5 -10.5
-72.0 -10.5
-71.5 -10.5
-71.0 -10.5
-71.0 -11.0
-71.0 -11.5
-70.5 -11.5
-70.0 -11.5
-69.5 -11.5
-69.0 -11.5
-68.5 -11.5
-68.0 -11.5
-67.5 -11.5
-67.0 -11.5
-66.5 -11.5
-66.0 -11.5
-66.0 -12.0
-66.0 -12.5
-65.5 -12.5
-65.5 -13.0
-65.0 -13.0
-64.5 -13.0
-64.0 -13.0
-64.0 -13.5
-63.5 -13.5
-63.5 -14.0
-63.0 -14.0
-62.5 -14.0
-62.0 -14.0
-61.5 -14.0
-61.0 -14.0
-61.0 -14.5
-61.0 -15.0
-61.0 -15.5
-61.0 -16.0
-61.0 -16.5
-60.5 -16.5
-60.5 -17.0
-60.0 -17.0
-59.5 -17.0
-59.0 -17.0
-59.0 -17.5
-59.0 -18.0
-59.0 -18.5
-58.5 -18.5
-58.5 -19.0
-58.5 -19.5
-58.5 -20.0
-58.5 -20.5
-58.5 -21.0
-58.5 -21.5
-58.5 -22.0
-58.5 -22.5
-58.0 -22.5
-57.5 -22.5
-57.0 -22.5
-56.5 -22.5
-56.0 -22.5
-56.0 -23.0
-56.0 -23.5
-56.0 -24.0
-56.0 -24.5
-55.5 -24.5
-55.5 -25.0
-55.0 -25.0
-55.0 -25.5
-55.0 -26.0
-55.0 -26.5
-55.0 -27.0
-55.5 -27.0
-56.0 -27.0
-56.0 -27.5
-56.0 -28.0
-56.5 -28.0
-57.0 -28.0
-57.0 -28.5
-57.0 -29.0
-57.5 -29.0
-58.0 -29.0
-58.0 -29.5
-58.0 -30.0
-58.0 -30.5
-58.0 -31.0
-57.5 -31.0
-57.0 -31.0
-57.0 -31.5
-56.5 -31.5
-56.0 -31.5
-55.5 -31.5
-55.5 -32.0
-55.0 -32.0
-55.0 -32.5
-54.5 -32.5
-54.0 -32.5
-54.0 -33.0
-54.0 -33.5
-54.0 -34.0
-53.5 -34.0
-53.0 -34.0
-52.5 -34.0
-52.5 -33.5
-52.0 -33.5
-52.0 -33.0
-51.5 -33.0
-51.5 -32.5
-51.0 -32.5
-51.0 -32.0
-50.5 -32.0
-50.5 -31.5
-50.0 -31.5
-50.0 -31.0
-49.5 -31.0
-49.5 -30.5
-49.5 -30.0
-49.5 -29.5
-49.0 -29.5
-48.5 -29.5
-48.0 -29.5
-48.0 -29.0
-48.0 -28.5
-48.0 -28.0
-48.0 -27.5
-48.0 -27.0
-48.0 -26.5
-48.0 -26.0
-47.5 -26.0
-47.0 -26.0
-47.0 -25.5
-47.0 -25.0
-46.5 -25.0
-46.0 -25.0
-45.5 -25.0
-45.0 -25.0
-45.0 -24.5
-45.0 -24.0
-44.5 -24.0
-44.0 -24.0
-43.5 -24.0
-43.0 -24.0
-42.5 -24.0
-42.0 -24.0
-41.5 -24.0
-41.0 -24.0
-41.0 -23.5
-41.0 -23.0
-40.5 -23.0
-40.0 -23.0
-40.0 -22.5
-40.0 -22.0
-40.0 -21.5
-40.0 -21.0
-39.5 -21.0
-39.0 -21.0
-39.0 -20.5
-39.0 -20.0
-39.0 -19.5
-39.0 -19.0
-39.0 -18.5
-39.0 -18.0
-38.5 -18.0
-38.0 -18.0
-38.0 -17.5
-38.0 -17.0
-38.0 -16.5
-38.0 -16.0
-38.0 -15.5
-38.0 -15.0
-38.0 -14.5
-38.0 -14.0
-38.0 -13.5
-38.0 -13.0
-37.5 -13.0
-37.0 -13.0
-37.0 -12.5
-37.0 -12.0
-36.5 -12.0
-36.0 -12.0
-36.0 -11.5
-36.0 -11.0
-35.5 -11.0
-35.0 -11.0
-35.0 -10.5
-35.0 -10.0
-34.5 -10.0
-34.0 -10.0
-34.0 -9.5
-34.0 -9.0
-34.0 -8.5
-34.0 -8.0
-34.0 -7.5
-34.0 -7.0
-34.0 -6.5
-34.0 -6.0
-34.0 -5.5
-34.0 -5.0
-34.5 -5.0
-35.0 -5.0
-35.0 -4.5
-35.0 -4.0
-35.5 -4.0
-36.0 -4.0
-36.5 -4.0
-37.0 -4.0
-37.0 -3.5
-37.0 -3.0
-37.5 -3.0
-38.0 -3.0
-38.5 -3.0
-39.0 -3.0
-39.0 -2.5
-39.0 -2.0
-39.5 -2.0
-40.0 -2.0
-40.5 -2.0
-41.0 -2.0
-41.5 -2.0
-42.0 -2.0
-42.5 -2.0
-43.0 -2.0
-43.5 -2.0
-44.0 -2.0
-44.0 -1.5
-44.0 -1.0
-44.5 -1.0
-45.0 -1.0
-45.0 -0.5
-45.0 0.0
-45.5 0.0
-46.0 0.0
-46.5 0.0
-47.0 0.0
-47.5 0.0
-48.0 0.0
-48.0 0.5
-48.0 1.0
-48.5 1.0
-49.0 1.0
-49.0 1.5
-49.0 2.0
-49.0 2.5
-49.0 3.0
-49.5 3.0
-50.0 3.0
-50.0 3.5
-50.0 4.0
-50.0 4.5
-50.0 5.0
-50.5 5.0
-51.0 5.0
-51.5 5.0
-52.0 5.0
-52.5 5.0
-53.0 5.0
-53.5 5.0
-54.0 5.0
-54.5 5.0
-55.0 5.0
-55.5 5.0
-56.0 5.0
-56.5 5.0
-57.0 5.0
-57.5 5.0
-58.0 5.0
-58.5 5.0
-59.0 5.0
-59.0 5.5
-59.0 6.0
-59.5 6.0
-60.0 6.0
